roof 1629 -41 1679 30
roof 1298 1108 1484 1256
roof 2240 326 2468 460
roof 2240 326 2468 460
roof 985 1644 1095 1749
roof 1001 1493 1157 1617
roof 781 1605 820 1644
roof 1050 1529 1060 1545
roof 1341 1690 1374 1721
roof 1035 1684 1039 1688
roof 1104 1659 1120 1668
roof 829 1551 849 1569
roof 816 1495 826 1510
roof 132 1323 182 1339
roof 984 1693 1001 1738
roof 791 1645 941 1751
roof 1148 1524 1266 1656
roof 1075 1533 1084 1549
roof 1028 1644 1032 1646
roof 919 1487 959 1590
roof 862 1496 872 1512
roof 321 1674 332 1683
roof 802 1538 818 1559
roof 1084 1663 1231 1828
roof 1028 1646 1031 1647
roof 842 1617 852 1627
roof 884 1507 892 1517
roof 959 1517 964 1532
roof 1051 1647 1074 1653
roof 69 1317 133 1487
roof 1063 1551 1074 1559
roof 1019 1707 1032 1739
roof 1007 1642 1010 1645
roof 916 1576 932 1593
roof 1083 1504 1095 1520
roof 852 1523 862 1539
roof 1078 1682 1086 1686
roof 1050 1649 1074 1654
roof 1091 1489 1101 1499
roof 1004 1667 1008 1687
roof 944 1576 960 1594
roof 1456 1638 1468 1650
roof 837 1663 863 1677
roof 1191 1569 1209 1601
roof 856 1510 862 1523
roof 914 1531 920 1545
roof 1305 1576 1410 1700
roof 958 1546 963 1561
roof 835 1451 855 1470
roof 918 1483 933 1501
roof 969 1592 979 1598
roof 1383 1672 1485 1777
roof 1213 1578 1240 1606
roof 785 1687 821 1737
roof 919 1531 921 1545
roof 1327 1690 1341 1705
roof 1038 1684 1078 1688
roof 1091 1656 1094 1658
roof 809 1457 874 1563
roof 866 1461 881 1483
roof 947 1484 961 1501
roof 98 1329 517 1560
roof 1804 1363 1847 1406
roof 1920 1300 1934 1311
roof 1844 1337 1866 1361
roof 1695 1382 1855 1477
roof 1160 1210 1180 1232
roof 1713 1256 1743 1279
roof 1833 1394 1847 1410
roof 2525 1647 2635 1750
roof 1106 1079 1179 1151
roof 410 729 422 740
roof 2211 1693 2220 1702
roof 1489 1117 1498 1126
roof 1462 1261 1511 1308
roof 1865 1296 1893 1323
roof 2209 1570 2485 1838
roof 733 -17 763 11
roof 1897 751 1911 763
roof 1681 711 1694 723
roof 2395 259 2406 275
roof 2112 60 2139 86
roof 1338 177 1354 196
roof 2018 134 2028 141
roof 1326 475 1344 489
roof 2489 -4 2517 24
roof 1986 -16 2025 19
roof 1181 111 1206 135
roof 1772 51 1778 58
roof 460 -23 494 17
roof 941 24 967 60
roof 1484 438 1494 451
roof 981 136 988 145
roof 1711 664 1738 690
roof 1854 820 1884 847
roof 1269 323 1280 338
roof 341 154 367 182
roof 1841 68 1848 76
roof 1651 673 1668 690
roof 2237 210 2244 225
roof 2094 21 2106 35
roof 587 283 609 310
roof 1149 336 1170 358
roof 1410 99 1420 106
roof 1429 511 1438 520
roof 1988 937 1999 949
roof 802 55 810 61
roof 1938 760 1992 805
roof 1701 721 1705 725
roof 1355 147 1370 166
roof 352 182 366 199
roof 1968 121 1992 146
roof 1873 586 1888 600
roof 1947 6 1978 25
roof 1835 1 1861 36
roof 876 -30 925 17
roof 2059 772 2086 799
roof 976 102 993 115
roof 1788 635 1809 657
roof 756 283 794 326
roof 1213 182 1222 193
roof 1166 250 1189 278
roof 1356 331 1392 364
roof 1839 576 1883 610
roof 1672 682 1699 704
roof 2237 175 2248 185
roof 1693 139 1702 153
roof 603 124 621 142
roof 1229 412 1259 451
roof 1441 158 1469 191
roof 2026 501 2030 505
roof 378 45 414 77
roof 1564 276 1630 348
roof 2010 696 2037 723
roof 724 192 735 207
roof 1911 787 1931 807
roof 2100 1022 2107 1027
roof 1871 893 1884 901
roof 523 49 541 70
roof 1352 76 1357 84
roof 354 89 363 98
roof 1792 541 1824 572
roof 719 346 748 369
roof 1909 542 1937 569
roof 1680 780 1703 810
roof 620 212 647 239
roof 1020 1 1033 28
roof 1543 193 1587 258
roof 2090 1018 2097 1023
roof 992 160 1011 185
roof 1627 543 1649 566
roof 1081 145 1107 166
roof 2085 56 2101 67
roof 1202 229 1232 250
roof 1445 396 1473 428
roof 1732 677 1754 702
roof 1699 422 1704 426
roof 1540 -14 1580 17
roof 602 95 615 114
roof 2066 563 2117 611
roof 385 -27 428 3
roof 1531 321 1541 335
roof 706 104 737 128
roof 1721 745 1747 779
roof 2286 917 2373 1001
roof 1112 299 1121 311
roof 1543 281 1558 300
roof 181 65 215 103
roof 433 219 458 248
roof 1714 510 1728 525
roof 740 350 758 374
roof 1961 646 1994 678
roof 1656 721 1683 741
roof 2067 91 2089 126
roof 1288 271 1305 291
roof 2029 139 2060 167
roof 690 97 708 109
roof 1851 361 1898 405
roof 1110 76 1136 102
roof 1844 47 1847 52
roof 536 -19 547 2
roof 1201 198 1222 222
roof 1490 305 1513 323
roof 957 405 965 412
roof 1798 665 1802 669
roof 1700 600 1730 640
roof 1195 103 1211 117
roof 1177 276 1210 311
roof 1269 231 1309 275
roof 2214 686 2240 711
roof 1723 368 1754 396
roof 1795 788 1813 812
roof 2215 181 2229 196
roof 515 258 537 275
roof 1182 316 1200 332
roof 1250 108 1271 134
roof 167 46 181 64
roof 1581 644 1614 678
roof 1991 921 2015 953
roof 1898 727 1909 737
roof 1938 902 1954 928
roof 1943 70 1961 98
roof 579 53 605 84
roof 1344 70 1376 107
roof 365 111 395 137
roof 1257 351 1275 373
roof 1899 -13 1933 11
roof 1153 49 1166 61
roof 1720 -19 1758 12
roof 541 -18 559 5
roof 1017 26 1035 42
roof 984 181 1016 214
roof 1793 653 1822 680
roof 663 242 690 285
roof 1860 779 1877 795
roof 1116 251 1131 265
roof 1276 333 1295 359
roof 1848 189 1880 217
roof 1633 603 1659 629
roof 2247 196 2256 204
roof 2124 21 2149 51
roof 593 229 607 246
roof 1159 379 1243 466
roof 1387 49 1430 127
roof 2042 664 2071 701
roof 1319 495 1335 508
roof 2017 711 2043 735
roof 784 32 810 54
roof 1957 750 1976 770
roof 1836 878 1845 886
roof 454 11 475 39
roof 1368 176 1392 210
roof 162 70 188 114
roof 409 148 428 174
roof 1712 527 1739 554
roof 815 385 836 409
roof 1005 -23 1029 5
roof 1688 212 1735 266
roof 2029 701 2126 788
roof 1014 88 1046 117
roof 1778 626 1800 647
roof 1973 838 2007 871
roof 1091 4 1097 11
roof 1225 141 1249 165
roof 1048 226 1066 240
roof 1316 294 1342 320
roof 1735 43 1775 77
roof 597 11 613 25
roof 1682 410 1731 461
roof 608 296 633 331
roof 1230 352 1259 380
roof 1457 140 1474 156
roof 2072 345 2083 370
roof 387 -4 400 6
roof 1770 458 1780 468
roof 2017 875 2048 903
roof 1745 822 1802 864
roof 2101 1020 2107 1024
roof 714 53 720 58
roof 1505 266 1527 288
roof 159 84 162 89
roof 396 202 417 228
roof 1843 474 1877 501
roof 2374 651 2412 689
roof 777 314 843 355
roof 1927 670 1968 704
roof 1667 774 1693 802
roof 2040 98 2057 110
roof 629 154 650 185
roof 2513 44 2546 82
roof 1658 164 1700 236
roof 1590 283 1651 330
roof 1131 21 1156 49
roof 1930 65 1950 78
roof 1123 218 1146 245
roof 1362 407 1376 417
roof 829 173 878 220
roof 1778 681 1793 696
roof 614 -2 618 3
roof 1710 629 1731 654
roof 1254 330 1266 340
roof 1284 286 1297 298
roof 2068 540 2080 552
roof 402 19 406 23
roof 1740 266 1819 326
roof 802 90 819 114
roof 1820 764 1849 792
roof 2138 795 2164 820
roof 1076 -47 1129 23
roof 1950 36 1972 74
roof 1127 285 1153 311
roof 1378 152 1393 161
roof 341 38 350 51
roof 456 165 483 198
roof 1827 484 1859 516
roof 1978 664 2027 706
roof 1614 749 1635 772
roof 1873 76 1896 116
roof 1295 23 1319 46
roof 1875 257 1917 288
roof 1460 474 1478 502
roof 1130 108 1139 120
roof 2074 55 2087 66
roof 347 8 356 30
roof 1187 206 1200 217
roof 1500 415 1504 419
roof 917 281 995 334
roof 1803 646 1816 659
roof 1877 827 1891 845
roof 1210 184 1231 203
roof 1284 363 1309 388
roof 2250 539 2314 566
roof 1839 58 1886 111
roof 1817 804 1838 827
roof 2291 732 2341 781
roof 2120 68 2132 74
roof 2050 4 2099 41
roof 532 166 579 198
roof 1211 317 1251 350
roof 1363 40 1408 72
roof 931 88 945 96
roof 1488 469 1585 646
roof 1996 727 2034 755
roof 796 2 819 24
roof 1885 756 1901 774
roof 2090 738 2121 769
roof 1705 717 1732 740
roof 1969 85 1984 96
roof 1330 206 1341 218
roof 382 196 405 222
roof 2013 137 2036 159
roof 1900 547 1977 620
roof 1974 20 1986 36
roof 1162 124 1197 158
roof 2401 161 2603 336
roof 1037 44 1062 68
roof 1559 245 1572 261
roof 963 325 971 330
roof 1778 602 1812 635
roof 2465 462 2636 544
roof 644 253 672 282
roof 1830 859 1834 863
roof 1234 127 1259 153
roof 1186 247 1194 256
roof 1336 376 1371 406
roof 719 38 748 65
roof 1799 173 1830 203
roof 1641 535 1654 548
roof 2219 168 2240 221
roof 1972 33 1983 43
roof 574 278 596 304
roof 1236 299 1258 321
roof 1392 255 1421 285
roof 2042 300 2233 607
roof 1372 533 1400 556
roof 2028 872 2078 914
roof 791 17 815 39
roof 1906 839 1917 850
roof 2110 802 2156 839
roof 1917 849 1941 877
roof 590 19 608 34
roof 1347 225 1375 254
roof 419 214 443 241
roof 1732 493 1760 536
roof 2414 520 2453 593
roof 1944 322 1958 338
roof 1644 760 1664 786
roof 641 160 668 191
roof 1013 32 1018 40
roof 1644 166 1680 205
roof 2043 786 2070 809
roof 1025 504 1033 510
roof 1606 569 1621 598
roof 1905 843 1928 871
roof 1106 129 1121 151
roof 2061 69 2065 73
roof 1054 201 1080 228
roof 1327 398 1352 421
roof 873 103 924 154
roof 1843 62 1850 70
roof 1660 661 1693 706
roof 1668 152 1676 162
roof 593 189 600 198
roof 1418 218 1464 248
roof 2085 584 2128 624
roof 1504 373 1520 390
roof 819 -1 829 11
roof 1775 778 1806 805
roof 2150 774 2180 803
roof 716 62 741 88
roof 323 74 354 110
roof 468 132 482 148
roof 1756 473 1766 482
roof 2409 589 2420 603
roof 800 379 822 403
roof 1994 624 2007 639
roof 1493 685 1551 746
roof 2109 80 2131 109
roof 1312 260 1322 268
roof 2523 87 2565 132
roof 1865 239 1902 257
roof 2071 950 2080 959
roof 1604 593 1619 611
roof 1136 180 1165 211
roof 2083 63 2098 74
roof 267 -7 286 7
roof 1063 524 1092 558
roof 1371 298 1401 323
roof 926 92 944 112
roof 2003 628 2028 649
roof 617 44 630 65
roof 1684 590 1689 595
roof 1682 -5 1721 48
roof 1458 104 1488 140
roof 2268 485 2278 490
roof 1720 158 1806 286
roof 743 172 747 177
roof 1840 751 1861 774
roof 2146 862 2166 882
roof 2200 117 2237 185
roof 2088 33 2114 59
roof 551 267 573 291
roof 1090 433 1247 612
roof 1380 131 1404 156
roof 373 33 387 45
roof 1394 550 1439 580
roof 766 78 790 105
roof 1893 793 1955 857
roof 1553 732 1586 755
roof 2327 208 2352 234
roof 1957 81 1971 92
roof 1337 109 1361 133
roof 1866 248 1899 265
roof 1416 452 1451 493
roof 2276 -70 2463 133
roof 1177 121 1183 126
roof 1895 53 1899 57
roof 335 -10 380 15
roof 529 -2 554 27
roof 1007 40 1015 60
roof 1471 348 1494 364
roof 923 389 932 396
roof 1754 675 1775 696
roof 2522 548 2644 671
roof 662 9 705 36
roof 1881 775 1892 787
roof 1298 439 1319 460
roof 338 146 345 152
roof 1766 56 1790 83
roof 1646 590 1673 616
roof 2347 736 2364 753
roof 2197 176 2218 191
roof 1961 22 1976 39
roof 585 196 609 220
roof 1144 582 1147 586
roof 1408 125 1433 143
roof 989 78 996 88
roof 1418 514 1435 525
roof 1977 744 2004 769
roof 799 65 804 70
roof 1887 759 1917 787
roof 1699 707 1723 734
roof 1338 248 1364 275
roof 2053 130 2064 147
roof 1869 500 1910 531
roof 2124 -114 2284 190
roof 1899 21 1909 30
roof 1897 28 1907 37
roof 900 19 948 65
roof 1534 273 1546 282
roof 2059 925 2093 955
roof 979 462 1057 513
roof 1854 604 1871 620
roof 649 315 670 337
roof 1236 -2 1276 33
roof 1256 256 1283 286
roof 1352 414 1374 439
roof 1727 582 1758 612
roof 1669 549 1706 582
roof 2234 156 2244 172
roof 1671 133 1697 156
roof 578 107 581 110
roof 1244 351 1259 364
roof 1433 181 1475 223
roof 2025 468 2051 492
roof 1395 507 1420 539
roof 2002 788 2007 793
roof 732 200 761 225
roof 1907 740 1922 755
roof 2125 868 2149 891
roof 1881 897 1887 903
roof 442 47 468 72
roof 1352 117 1364 135
roof 390 110 426 138
roof 1748 561 1779 592
roof 1900 311 1950 362
roof 1639 772 1646 779
roof 2556 71 2571 83
roof 1002 18 1021 33
roof 2094 267 2129 321
roof 2085 751 2101 768
roof 991 489 1000 496
roof 1619 557 1646 584
roof 817 246 842 271
roof 1074 172 1105 210
roof 1891 62 1896 71
roof 1191 236 1206 256
roof 1428 418 1462 463
roof 904 157 920 184
roof 1742 687 1773 712
roof 626 30 629 34
roof 1669 630 1710 660
roof 1574 -39 1636 26
roof 601 146 618 174
roof 1420 74 1454 127
roof 2054 520 2063 529
roof 384 23 417 55
roof 1531 296 1551 324
roof 697 125 723 157
roof 1707 812 1758 845
roof 2173 822 2199 849
roof 696 -36 722 7
roof 1106 307 1129 328
roof 1640 270 1659 301
roof 202 73 216 103
roof 481 172 496 183
roof 1811 502 1843 528
roof 755 361 786 395
roof 1996 614 2019 638
roof 1561 714 1593 742
roof 1941 109 1967 132
roof 1329 273 1353 294
roof 2055 137 2077 167
roof 2084 828 2099 843
roof 766 100 783 114
roof 1825 311 1894 384
roof 1106 99 1131 133
roof 1774 26 1804 55
roof 1081 531 1102 562
roof 1487 416 1503 440
roof 940 151 968 188
roof 2016 640 2037 661
roof 679 70 690 83
roof 1695 640 1732 683
roof 1260 125 1295 158
roof 2323 523 2327 528
roof 1743 391 1779 430
roof 752 155 772 173
roof 1781 701 1825 744
roof 2208 193 2226 218
roof 559 87 583 109
roof 1103 313 1108 320
roof 1249 178 1265 193
roof 285 54 311 79
roof 1409 539 1440 559
roof 1990 829 2019 856
roof 735 22 754 40
roof 1897 698 1933 746
roof 1968 912 1997 937
roof 2038 54 2065 79
roof 472 75 493 91
roof 1343 87 1350 99
roof 357 185 380 210
roof 1251 369 1300 411
roof 1890 330 1986 432
roof 2254 -1 2257 2
roof 2068 -18 2107 17
roof 1185 105 1191 112
roof 1751 -9 1776 21
roof 506 -6 516 15
roof 988 33 1015 59
roof 1486 314 1509 332
roof 982 215 1016 243
roof 1744 663 1771 687
roof 741 279 772 310
roof 1855 814 1868 825
roof 1203 245 1226 268
roof 1270 292 1294 326
roof 342 106 369 126
roof 1833 213 1863 265
roof 1649 445 1752 545
roof 2240 202 2267 230
roof 1899 33 1925 61
roof 591 137 615 169
roof 1155 384 1180 416
roof 1411 86 1427 104
roof 2040 485 2065 521
roof 1398 484 1439 515
roof 1988 705 2020 744
roof 776 48 803 76
roof 1949 717 1954 722
roof 1963 877 1979 892
roof 522 21 547 46
roof 1360 200 1385 232
roof 354 103 365 114
roof 1783 537 1809 562
roof 1883 515 1924 544
roof 1787 1 1811 25
roof 1028 -4 1049 9
roof 1513 245 1538 271
roof 2061 841 2099 879
roof 1002 113 1013 124
roof 1735 637 1752 654
roof 786 301 795 311
roof 1852 869 1857 873
roof 1089 139 1103 151
roof 1213 47 1236 73
roof 1183 259 1198 273
roof 1305 318 1330 341
roof 1758 580 1780 602
roof 596 -3 617 16
roof 1566 102 1640 147
roof 605 204 629 226
roof 1229 343 1239 353
roof 1444 142 1470 164
roof 2035 674 2096 720
roof 1794 424 1834 472
roof 2016 810 2034 828
roof 732 167 781 202
roof 1735 757 1760 790
roof 2099 832 2123 857
roof 1839 862 1873 897
roof 465 42 497 57
roof 1047 4 1054 11
roof 1529 284 1541 295
roof 276 82 287 93
roof 391 147 399 159
roof 1816 485 1894 571
roof 2328 508 2332 514
roof 702 334 726 365
roof 1710 793 1724 809
roof 620 89 669 135
roof 1518 215 1545 241
roof 2091 1016 2098 1020
roof 996 89 1005 101
roof 1588 681 1616 701
roof 1088 13 1109 31
roof 1892 54 1915 79
roof 1180 220 1206 249
roof 1456 370 1486 402
roof 1837 648 1894 697
roof 612 26 623 38
roof 1701 514 1718 528
roof 1251 509 1259 517
roof 1279 211 1305 240
roof 2067 506 2103 555
roof 1782 265 1865 344
roof 705 111 710 118
roof 1723 714 1735 726
roof 2127 787 2143 802
roof 702 80 737 110
roof 1122 320 1136 334
roof 1593 224 1650 298
roof 344 28 379 51
roof 441 163 466 192
roof 1744 480 1782 519
roof 1573 758 1588 777
roof 2060 62 2084 115
roof 1294 48 1332 97
roof 1930 239 1953 300
roof 1860 523 1883 546
roof 1120 46 1143 70
roof 1802 32 1810 42
roof 318 20 347 40
roof 491 -14 513 1
roof 1216 189 1244 221
roof 1494 279 1519 307
roof 911 362 1056 447
roof 1732 644 1757 669
roof 687 73 695 84
roof 1873 743 1889 758
roof 1201 66 1227 89
roof 1104 275 1131 302
roof 1283 353 1312 372
roof 2214 462 2262 563
roof 398 0 429 23
roof 1802 324 1860 366
roof 1806 781 1829 798
roof 2119 46 2142 62
roof 531 200 545 221
roof 1205 349 1231 376
roof 1267 122 1280 137
roof 2016 505 2103 588
roof 215 32 243 60
roof 494 178 507 189
roof 968 73 994 99
roof 1317 562 1445 673
roof 1995 767 2043 812
roof 1882 801 1911 829
roof 2090 822 2105 838
roof 1918 892 1947 917
roof 2076 74 2101 97
roof 486 57 535 84
roof 1329 223 1339 234
roof 379 134 399 162
roof 1267 328 1288 356
roof 1898 533 1929 556
roof 1155 152 1178 175
roof 1793 -23 1818 2
roof 1004 50 1020 77
roof 1507 249 1518 263
roof 990 421 999 428
roof 1757 613 1784 640
roof 710 258 737 284
roof 1863 732 1886 753
roof 1230 17 1253 45
roof 1041 237 1064 260
roof 1279 321 1295 335
roof 1795 203 1802 212
roof 605 31 609 35
roof 1632 278 1693 370
roof 2245 20 2331 132
roof 2122 40 2130 47
roof 572 181 587 201
roof 1235 346 1248 358
roof 1388 155 1410 175
roof 378 -6 389 2
roof 848 62 895 110
roof 1444 550 1449 555
roof 2018 775 2023 780
roof 1964 806 1996 845
roof 2108 904 2123 920
roof 1813 858 1846 883
roof 499 15 512 38
roof 1370 145 1380 154
roof 417 147 439 178
roof 1800 515 1823 547
roof 1944 579 1988 625
roof 1652 771 1668 789
roof 640 249 654 267
roof 1187 88 1205 110
roof 1698 198 1707 209
roof 2031 874 2041 883
roof 1024 437 1032 443
roof 1800 624 1821 646
roof 2363 690 2681 981
roof 1793 838 1825 873
roof 1227 184 1231 188
roof 1119 214 1136 237
roof 1322 449 1332 458
roof 870 437 879 443
roof 1837 67 1840 71
roof 1657 705 1669 721
roof 1613 121 1654 188
roof 620 302 651 336
roof 1231 313 1253 331
roof 1413 137 1429 149
roof 2080 309 2097 347
roof 389 27 398 34
roof 1786 441 1799 453
roof 1761 770 1786 803
roof 2103 797 2138 823
roof 716 70 720 74
roof 1566 239 1616 286
roof 256 71 268 85
roof 468 136 502 179
roof 1766 455 1809 497
roof 2384 581 2391 587
roof 688 328 711 353
roof 1992 646 2006 661
roof 1616 756 1647 794
roof 1981 89 2002 110
roof 639 220 665 245
roof 2523 441 2619 501
roof 1526 176 1568 227
roof 2062 833 2092 860
roof 1602 697 1611 705
roof 1135 83 1151 110
roof 2082 70 2090 75
roof 1050 365 1058 370
roof 1369 388 1385 399
roof 858 410 936 461
roof 2001 657 2015 673
roof 617 -2 625 5
roof 1852 741 1875 765
roof 1683 42 1700 56
roof 1287 173 1347 230
roof 2260 507 2270 516
roof 1776 201 1848 288
roof 671 170 714 201
roof 1830 806 1858 833
roof 2139 762 2169 791
roof 1182 -20 1197 4
roof 2048 34 2076 60
roof 548 111 608 165
roof 1083 380 1091 386
roof 1379 149 1386 155
roof 377 42 381 47
roof 460 229 485 254
roof 1301 557 1351 640
roof 1982 630 1997 649
roof 1693 736 1714 764
roof 2280 112 2364 218
roof 1940 90 1944 95
roof 1302 274 1317 288
roof 1862 257 1890 279
roof 1264 470 1305 501
roof 1176 11 1186 22
roof 1820 26 1850 67
roof 323 6 353 27
roof 1037 337 1115 390
roof 1471 323 1537 364
roof 919 108 939 141
roof 1814 639 1834 659
roof 1876 724 1900 749
roof 1212 161 1237 187
roof 1297 354 1314 366
roof 2256 487 2415 581
roof 337 115 357 135
roof 1812 61 1844 100
roof 1646 563 1687 604
roof 2323 925 2333 935
roof 2190 192 2214 215
roof 1989 11 2020 39
roof 541 217 558 233
roof 1216 344 1233 357
roof 1406 104 1424 116
roof 1025 62 1052 92
roof 1589 629 1600 646
roof 798 -12 824 9
roof 1886 715 1907 739
roof 2098 846 2116 864
roof 1640 711 1664 736
roof 1980 63 2009 94
roof 1330 114 1341 125
roof 344 147 361 160
roof 2072 146 2078 155
roof 1864 577 1878 590
roof 1914 8 1930 32
roof 1172 19 1182 30
roof 1746 25 1779 42
roof 2462 73 2479 86
roof 887 49 898 66
roof 2056 706 2071 722
roof 974 158 981 166
roof 1750 606 1778 634
roof 663 321 690 346
roof 1236 170 1242 174
roof 1158 272 1175 289
roof 1342 353 1372 388
roof 1742 592 1767 613
roof 607 24 613 30
roof 1646 651 1677 686
roof 2229 206 2236 222
roof 1606 133 1630 159
roof 574 220 590 245
roof 1245 516 1255 529
roof 1402 227 1445 267
roof 2022 644 2057 670
roof 1416 531 1433 547
roof 2029 934 2042 951
roof 779 220 812 253
roof 1907 738 1942 768
roof 2113 719 2132 738
roof 1895 898 1914 913
roof 442 66 463 84
roof 1349 135 1373 151
roof 428 139 440 150
roof 1829 567 1859 596
roof 1959 649 1973 661
roof 1587 764 1606 784
roof 2543 133 2599 185
roof 1032 8 1060 38
roof 1874 197 2047 332
roof 2056 885 2061 890
roof 988 99 1016 134
roof 1619 588 1637 605
roof 1062 23 1089 49
roof 1989 44 2014 70
roof 1230 206 1242 223
roof 1400 314 1420 341
roof 904 452 913 458
roof 1790 54 1803 65
roof 625 30 634 46
roof 1663 484 1688 506
roof 1698 141 1721 158
roof 600 112 609 119
roof 1418 62 1443 90
roof 2099 601 2143 647
roof 380 -12 407 2
roof 1512 361 1525 377
roof 1972 749 1984 761
roof 2163 832 2190 859
roof 502 103 520 125
roof 1372 116 1385 126
roof 295 67 328 110
roof 477 237 502 261
roof 1578 664 1595 682
roof 776 367 799 395
roof 1995 481 2024 508
roof 1696 731 1708 742
roof 2043 89 2060 102
roof 1323 128 1350 161
roof 2528 413 2599 462
roof 2089 141 2114 176
roof 2075 915 2110 943
roof 1473 448 1490 478
roof 1139 -10 1167 23
roof 1706 22 1746 58
roof 1076 491 1105 530
roof 1383 277 1410 308
roof 929 309 938 315
roof 2006 641 2016 652
roof 1684 535 1703 554
roof 1466 117 1496 174
roof 2277 451 2341 478
roof 1768 401 1813 441
roof 689 151 715 176
roof 1685 813 1698 824
roof 2202 188 2215 197
roof 554 215 581 242
roof 1090 496 1116 535
roof 1382 121 1407 138
roof 271 48 292 82
roof 1439 553 1447 562
roof 2110 10 2222 179
roof 1267 1066 1336 1124
roof 1824 181 1854 209
roof 1920 410 2017 512
roof 1686 319 1741 378
roof 1647 424 1691 482
roof 1679 472 1702 497
roof 1612 625 1640 650
roof 1890 295 1926 335
roof 1179 -17 1244 39
roof 1259 60 1302 102
roof 1240 150 1262 172
roof 1091 181 1127 220
roof 1074 237 1107 273
roof 843 18 868 49
roof 1879 585 1915 619
roof 1896 602 1929 635
roof 1806 1277 1828 1298
roof 796 1012 809 1024
roof 2063 1360 2164 1411
roof 2510 647 2586 720
